Input/recharge_v2.asc
ncols         312
nrows         239
xllcorner     588479
yllcorner     423435
cellsize      30.48
NODATA_value  -9999
[rows 58 to 86 of 239, columns 66 to 131 of 312]
10.2419 10.10685 10.0594 9.9353 9.9353 10.0594 10.10685 9.7747 9.63965 9.63965 9.63965 10.45725 10.97555 10.34045 10.3295 10.31855 10.3003 10.0886 10.07765 10.1762 9.97545 9.782 20.29035 20.70645 22.18835 10.5047 10.1835 10.11415 10.0594 9.9937 9.7163 9.6579 9.9572 9.7163 9.7163 9.7163 10.0667 9.844049 9.87325 10.08495 9.7163 9.7163 9.7163 9.7163 9.7163 9.7163 9.7163 9.7163 10.5193 10.5266 10.53025 9.7163 10.39885 9.97545 21.3963 19.856 18.22445 20.1699 17.69885 19.8925 17.69885 19.4983 19.92535 19.9363 19.9728 19.97645
10.1689 9.9353 9.63965 9.63965 9.63965 9.63965 9.9353 10.1689 10.09225 10.09955 10.4171 9.8915 9.1396 9.33305 9.08485 10.1324 10.17255 10.58135 10.9281 9.29655 8.97535 9.85865 17.0236 20.6663 21.9 9.796599 10.1178 10.24555 10.1178 9.9937 9.7163 9.7163 10.08495 10.37695 10.35505 30.8133 19.1625 19.9363 10.08495 9.7163 9.7163 9.7163 9.7163 9.7163 10.09955 10.09955 10.39155 10.4974 10.15065 10.09955 10.09955 10.39155 9.7236 10.19445 20.0166 16.80095 19.4983 20.3524 19.4034 20.15165 19.4034 19.91075 19.04205 19.9728 19.81585 19.95455
10.44265 9.9353 9.63965 9.63965 9.9353 10.0594 10.10685 9.1396 10.2419 10.26745 10.45725 9.9353 9.63965 9.63965 10.09955 10.23095 10.20175 10.16525 10.1397 10.1835 7.9278 17.0236 20.4619 22.1044 9.6944 10.1178 10.01195 10.0594 9.9937 9.69805 9.7163 9.7163 9.7163 10.28935 20.65535 17.83025 17.83025 19.82315 17.83025 10.15065 10.15065 10.32585 10.44995 10.4974 9.7163 9.7163 9.7163 10.15065 9.7163 10.15065 9.7163 10.09955 9.7236 9.7236 17.4251 18.22445 20.8123 17.69885 20.1334 18.07115 20.1553 17.69885 19.96915 19.7027 19.94725 19.7027
10.44265 9.9353 9.63965 9.63965 9.9353 10.0594 10.10685 10.08495 10.2127 9.63965 9.63965 10.45725 9.63965 28.4116 10.1032 10.30395 10.29665 10.30395 10.3514 10.5996 8.7527 21.78685 10.42805 9.63965 10.10685 9.97545 9.44985 9.9353 9.69805 9.69805 9.9937 10.15065 26.7983 24.0462 20.66265 19.9655 17.83025 19.61875 19.1625 10.15065 10.15065 9.7163 9.7163 10.09955 10.3441 9.43525 10.09225 10.15065 9.7236 10.15795 9.7236 10.19445 10.45725 10.5047 10.54485 30.70745 19.04205 19.7027 19.04205 20.15165 19.7027 19.9655 19.4983 19.9363 19.4983 19.95455
10.44265 9.9353 9.63965 9.63965 9.9353 9.63965 9.9353 9.1396 9.63965 9.9353 10.45725 9.796599 23.9148 22.27595 10.08495 10.10685 10.0594 9.9353 9.63965 9.9791 18.0821 10.30395 9.63965 9.9353 10.0594 9.7163 9.63965 9.63965 9.69805 10.42075 10.6434 30.42275 27.40055 19.61875 20.7247 19.97645 19.97645 19.1625 17.83025 10.15065 10.32585 10.44995 10.5266 10.53025 10.5339 10.5412 10.4317 10.4317 10.43535 10.33315 9.7236 9.7236 10.19445 10.54485 9.7236 16.80095 19.4983 17.69885 19.81585 19.85965 19.96185 19.04205 19.92535 19.04205 19.94725 19.04205
10.44265 9.9353 9.63965 9.63965 9.63965 9.63965 9.9353 10.02655 9.65425 17.69885 31.6382 10.15795 20.5203 21.94745 10.0156 9.9353 9.63965 9.63965 10.0886 9.63965 7.9278 9.63965 9.9353 9.63965 9.6579 10.0229 9.63965 9.928 9.928 10.0229 10.15065 17.12215 20.66265 19.91075 17.83025 20.4619 20.4619 20.4619 17.83025 10.15065 10.32585 10.5193 10.09955 10.39155 9.7163 10.5339 10.512 10.15065 10.15795 10.42805 10.42805 10.42805 10.53755 10.09955 17.301 18.22445 19.4983 19.7027 19.04205 20.1626 18.07115 20.15895 18.07115 19.9363 17.69885 19.9363
9.1834 10.0594 9.9353 9.63965 9.63965 9.9353 10.1981 10.074 24.45135 31.15275 25.842 20.5349 20.3889 21.8635 9.9718 9.9353 9.63965 9.9353 10.17985 10.58135 8.98995 10.0594 9.63965 17.8704 9.83675 9.6579 9.44985 9.63965 10.42075 9.6579 23.88195 17.69885 19.856 20.0531 9.7163 9.7163 9.7163 9.7163 9.7163 9.7163 10.09955 10.4974 9.7163 10.09955 10.5266 10.5193 10.15795 10.15795 9.7163 10.09955 10.4682 10.53025 9.43525 9.7163 16.2571 18.22445 17.69885 17.69885 20.0823 20.15895 19.8925 19.04205 19.92535 19.4983 19.92535 19.04205
9.052 9.9353 7.9278 9.63965 9.9353 9.9499 10.1981 30.5432 17.69885 21.827 20.3889 21.94745 17.8704 21.5569 18.45805 10.1616 9.63965 10.2565 10.2273 10.7967 9.17245 24.966 19.20265 24.966 10.31855 9.97545 9.63965 9.63965 9.6579 28.02835 17.69885 21.3744 21.5058 10.09955 9.7163 9.7163 9.7163 9.7163 9.7163 9.7163 9.7163 10.39155 9.7163 10.5193 10.5193 10.4974 9.7163 10.19445 10.439 10.4609 9.6579 9.97545 10.5339 10.5339 30.6162 26.44425 24.1338 23.5279 19.94725 20.15165 17.69885 19.91075 19.04205 19.91075 17.69885 19.7027
19.07125 8.3001 9.63965 7.9278 9.198 10.02655 29.51755 28.75105 19.856 20.0166 21.5569 10.44265 10.0594 9.9353 16.9725 17.8704 28.58315 19.8633 19.6589 19.20265 16.9725 21.53865 20.5349 27.6451 10.44265 9.97545 9.63965 9.69805 9.97545 28.81675 24.11555 20.69185 10.4974 10.39155 10.09955 9.7163 10.08495 10.08495 10.08495 9.7163 10.08495 9.7163 10.4974 9.7163 10.4974 10.39155 10.09955 10.39155 9.7163 9.6579 9.6579 10.47185 9.9572 10.26745 28.64155 24.0389 21.96205 19.9363 19.4983 20.1334 18.07115 20.1553 18.07115 20.1553 17.69885 19.4983
15.27525 9.69805 9.9353 9.63965 9.65425 28.18165 27.80205 19.856 17.8704 20.50205 20.50205 10.31855 9.9353 9.9353 9.1396 16.85205 22.5862 20.16625 20.25385 20.46555 20.66995 22.67745 20.68455 22.27595 9.6579 9.97545 9.6579 9.7163 24.51705 20.77215 10.1908 10.4609 10.39885 10.39155 10.09955 9.7163 10.37695 10.37695 10.37695 9.7163 10.08495 10.37695 10.08495 10.39155 10.09955 9.7163 10.09955 10.39155 10.4974 10.51565 10.5266 9.7163 9.7163 9.97545 27.28375 23.77245 21.8124 19.92535 19.04205 20.06405 19.4034 20.15165 19.4034 20.15165 19.04205 19.8633
13.9357 9.9353 9.9353 9.9353 10.07035 26.3676 19.8414 17.8704 20.50205 9.83675 9.63965 9.63965 9.63965 9.63965 9.63965 7.9278 10.30395 21.5569 17.8704 20.6225 9.83675 10.44995 9.63965 9.63965 10.4609 10.4974 10.39155 9.7163 17.301 9.796599 9.7893 10.4609 10.26745 10.09955 9.7163 9.7163 10.09955 10.08495 9.7163 9.7163 9.7163 9.7163 9.7163 10.09955 9.7163 9.7163 9.7163 10.09955 9.7163 10.08495 9.7163 10.08495 10.2492 10.4974 30.38625 25.9661 19.91075 19.7027 17.69885 19.4983 18.07115 20.1334 18.07115 19.81585 17.69885 19.81585
17.99085 9.9353 9.9353 10.07035 17.0309 27.32025 19.20265 19.20265 9.83675 9.63965 9.63965 9.63965 10.1689 10.10685 9.63965 9.1396 10.28935 9.9353 9.63965 9.63965 9.63965 9.095799 9.63965 9.6579 9.7163 9.7163 10.09955 17.301 9.7163 9.7163 10.17985 10.439 9.7163 9.7163 9.7163 9.7163 10.39155 9.7163 9.7163 9.7163 9.7163 9.7163 9.7163 9.7163 9.7163 9.7163 9.7163 10.09955 9.7163 10.08495 10.37695 10.4974 10.51565 10.5266 30.5651 27.97725 19.4983 19.04205 19.4983 19.04205 19.7027 20.06405 20.06405 19.7027 19.7027 19.7027
9.9572 9.9353 10.07035 24.51705 26.8056 19.4983 17.8704 17.8704 17.8704 9.63965 9.9353 10.2127 9.63965 9.63965 10.0594 9.8915 10.2711 9.63965 9.63965 9.63965 9.63965 9.8915 10.10685 10.2346 9.97545 9.6579 9.7163 9.7163 9.7163 10.09955 10.5193 9.7163 7.8621 5.21585 9.7163 10.4974 10.09955 10.09955 9.7163 10.08495 9.7163 10.08495 10.08495 9.7163 10.08495 10.37695 9.7163 9.7163 10.39155 10.4974 10.51565 10.32585 10.44995 10.5339 20.24655 19.37055 18.54565 17.69885 19.04205 17.69885 19.61875 19.61875 19.61875 19.61875 19.61875 19.61875
9.83675 9.63965 9.65425 26.00625 24.6959 19.04205 17.8704 17.8704 17.8704 9.9353 10.2419 10.10685 10.0594 9.9353 9.63965 9.8915 9.63965 10.24555 9.9353 9.63965 9.63965 10.1835 9.6579 9.8915 9.81485 9.7163 9.7163 9.7163 10.09955 10.39155 10.5266 9.7163 10.77115 7.2781 7.2781 10.4974 10.39155 9.7163 9.7163 10.37695 9.7163 10.4463 10.39155 10.09955 9.7163 9.7163 10.4974 10.09955 10.37695 9.7163 9.7163 9.7163 10.5704 10.53755 9.9061 18.8413 17.12215 17.12215 17.12215 17.83025 19.1625 19.1625 19.1625 19.1625 19.1625 19.1625
9.63965 9.9499 10.1981 29.7475 23.9294 19.20265 17.8704 20.15165 20.3889 27.44435 10.5266 10.10685 10.0594 9.9353 9.1396 9.63965 9.63965 10.21635 10.0959 9.833099 9.63965 8.322001 9.7163 20.06405 17.99085 17.99085 17.99085 25.08645 21.6591 20.48015 20.45825 31.901 31.27685 22.6081 31.56885 8.44975 17.301 9.7163 10.09955 10.4974 9.7163 10.6434 10.15065 10.6434 10.4463 10.09955 9.7163 8.51545 5.21585 8.4534 5.21585 10.77115 9.7163 9.7163 9.417001 9.7017 19.20995 19.0019 18.54565 17.83025 17.83025 17.83025 17.83025 17.83025 17.83025 17.83025
9.65425 9.9499 26.8713 25.51715 19.20265 17.8704 17.8704 20.07865 17.8704 17.8704 30.64175 27.3677 10.50105 10.0594 9.8915 9.63965 10.1689 10.0083 10.0302 9.63965 14.6 17.99085 19.77935 19.8633 19.6589 19.3231 17.99085 17.99085 17.99085 19.3231 19.3231 19.3231 29.4482 30.5359 23.18845 17.2645 7.90225 23.14465 9.7163 9.7163 30.66 30.02855 25.02075 16.6513 10.46455 10.15065 9.7163 7.4314 8.7235 10.82955 9.7017 9.7163 9.7163 9.7163 9.417001 9.7017 9.7017 9.7017 16.63305 17.83025 17.83025 17.83025 17.83025 17.83025 17.83025 17.83025
9.65425 17.0309 19.04205 23.9294 17.8704 17.8704 20.0531 17.8704 17.99085 28.5868 20.50205 9.83675 9.709 10.12875 9.1396 9.63965 10.0886 9.63965 9.767401 9.833099 14.6 17.99085 19.3231 19.6589 19.6589 17.8704 18.72085 19.3231 17.2645 17.99085 17.99085 17.99085 19.3231 29.3898 29.42265 24.27615 10.04115 20.7028 7.90225 17.2645 23.5279 26.72895 21.6518 18.72085 31.3097 10.19445 10.4463 7.2489 5.21585 10.46455 10.0229 10.0229 10.09955 10.08495 9.9061 10.0229 10.0229 10.0229 9.8258 9.81485 9.81485 9.81485 9.81485 9.81485 9.81485 9.709
17.7463 24.8054 17.69885 23.9294 17.8704 17.8704 20.04215 17.8704 19.3231 26.0464 10.0959 9.63965 9.9353 9.99735 9.9718 9.9353 9.63965 10.0156 9.782 18.28285 16.9725 17.8704 19.20265 19.20265 19.20265 17.8704 19.20265 19.1771 18.72085 17.2645 17.99085 17.99085 19.3231 19.3231 28.8934 21.39265 26.3019 10.04115 7.90225 17.2645 17.2645 18.72085 21.4547 13.286 27.0392 29.7256 28.26925 18.72085 29.4847 10.147 10.4025 10.39155 29.711 16.9725 17.2645 29.18905 27.03555 27.03555 25.28355 25.28355 24.37105 25.0098 25.0098 25.0098 25.0098 25.83835
19.85235 21.31965 20.25385 23.78705 17.8704 19.20265 21.9511 21.9876 24.2506 20.6225 9.9572 9.9353 10.0594 9.73455 9.7382 10.10685 10.0594 9.9353 9.63965 19.0019 15.7242 17.8704 17.8704 17.8704 17.8704 17.8704 19.20265 18.72085 19.3815 19.49465 20.0823 19.3231 17.99085 17.99085 19.3231 26.29095 17.2645 7.90225 7.90225 7.90225 8.7454 10.34045 21.21745 7.90225 29.4336 26.1413 24.23235 18.72085 17.2645 9.7163 9.76375 31.51045 24.7835 18.45805 18.45805 24.02065 23.17385 23.17385 16.9725 20.60425 21.88905 12.20195 12.20195 12.20195 12.20195 12.6217
19.07855 19.5348 19.0311 23.78705 17.8704 -9999 -9999 -9999 20.21735 20.5276 9.9937 9.9353 10.0594 9.63965 9.7893 20.1334 21.81605 10.0083 9.767401 19.20265 16.9725 9.83675 17.8704 17.8704 17.8704 17.8704 17.8704 17.2645 18.72085 19.1771 19.98375 20.07135 20.0823 20.0896 14.11455 26.55375 11.2639 10.04115 7.90225 7.90225 10.04115 24.27615 24.528 7.90225 17.99085 25.9004 20.0531 17.2645 17.2645 17.2645 24.48785 30.4702 23.96225 15.7242 17.2645 19.1771 23.56075 21.56785 17.2645 17.99085 20.221 15.0818 4.8399 9.36225 9.36225 9.36225
17.7463 15.768 19.0311 23.78705 17.8704 -9999 -9999 -9999 0 20.9729 9.9937 9.9353 9.9353 9.63965 14.6 20.3305 21.29045 10.15795 18.7829 19.20265 17.8704 9.1396 24.09365 19.20265 17.8704 17.8704 17.8704 17.2645 18.72085 19.1771 17.2645 19.77935 19.98375 20.06405 12.06325 25.9004 7.90225 7.90225 7.90225 7.90225 10.04115 24.27615 21.21015 24.14475 19.3231 25.55365 18.72085 17.2645 18.72085 17.2645 19.3231 29.4409 28.8861 16.9725 19.3961 18.72085 17.3959 21.95475 15.72055 13.9357 16.08555 20.11515 11.74935 11.96835 12.8553 12.8772
17.7463 17.7463 18.4325 23.78705 -9999 -9999 -9999 -9999 0 22.47305 9.9937 9.9353 9.71995 9.63965 15.7242 17.8704 17.8704 17.8704 17.8704 20.50205 9.83675 9.1396 24.09 21.53865 19.20265 19.20265 17.8704 17.2645 18.72085 17.2645 18.72085 17.2645 19.3231 19.1771 19.3815 25.58285 22.0241 22.0241 7.90225 7.90225 17.2645 18.72085 19.1771 23.6155 22.5716 23.9659 18.72085 17.2645 17.2645 19.1771 19.77935 19.98375 17.2645 28.48825 18.72085 19.37055 16.9871 16.8557 20.57505 16.0089 15.51615 5.18665 11.61065 12.82975 16.2133 19.85965
19.07855 17.7463 23.84545 18.4836 -9999 -9999 -9999 22.1117 22.19565 10.45725 9.63965 9.63965 9.63965 25.91135 22.68475 19.20265 19.20265 19.20265 20.0166 9.83675 9.63965 9.1396 9.9353 21.53865 20.1626 19.20265 17.2645 17.2645 17.2645 17.2645 18.72085 19.1771 19.3815 19.49465 19.49465 19.1771 30.0614 18.72085 17.2645 17.2645 22.0241 20.0531 19.7027 19.6224 20.1115 20.10055 23.99145 17.2645 17.2645 19.3231 7.90225 7.90225 17.99085 18.45805 28.37875 26.7837 25.31275 16.2133 16.36295 14.57445 5.18665 7.1321 4.8399 10.37695 16.0089 4.8399
19.5348 23.84545 16.2279 17.8412 18.33395 19.20265 22.1117 20.50205 9.83675 9.63965 9.63965 9.63965 9.9353 24.09 23.95495 18.9143 19.6589 20.00565 17.8704 9.83675 9.63965 9.8915 10.0594 30.61985 20.1626 17.8704 18.72085 17.2645 17.2645 17.2645 17.2645 17.2645 18.72085 19.3815 18.72085 18.72085 19.49465 26.64135 17.2645 17.2645 18.72085 18.72085 19.1771 19.3815 20.06405 20.0823 17.99085 23.99875 19.3231 7.90225 7.90225 7.90225 17.99085 18.45805 9.36955 23.3819 13.9357 25.31275 5.6356 13.4393 10.1616 10.2492 10.31855 5.23045 16.0089 15.51615
23.84545 19.20265 17.8704 17.8704 17.8704 17.8704 20.50205 9.83675 9.63965 9.63965 9.9353 9.63965 9.9353 26.64135 23.84545 19.29025 20.00565 20.0166 24.966 9.9353 9.63965 7.9278 10.22365 26.64135 26.77275 19.6589 17.2645 17.2645 18.72085 18.72085 19.1771 18.72085 19.1771 17.2645 17.2645 19.1771 19.3815 19.1771 25.4697 18.72085 17.2645 17.2645 17.2645 17.2645 17.2645 17.2645 17.2645 18.72085 23.99875 9.34035 10.04115 11.2639 10.04115 21.74305 12.07055 22.85265 10.34045 9.3732 22.51685 14.2642 7.99715 16.4323 16.36295 16.2133 15.51615 13.9357
18.58215 19.5713 20.0312 17.8704 17.8704 20.50205 9.83675 9.63965 9.63965 9.9353 9.63965 10.0594 9.9353 10.0594 28.42255 19.4545 20.3889 21.5569 10.31855 9.63965 9.63965 9.8915 9.63965 17.8704 19.20265 24.1849 17.2645 17.2645 18.72085 19.1771 17.2645 19.3815 18.72085 17.2645 18.72085 18.72085 20.0531 20.0531 20.50935 25.4697 17.2645 17.2645 17.2645 17.2645 17.2645 17.2645 17.2645 18.72085 9.6652 20.6517 10.44995 7.90225 12.0085 16.9725 7.90225 4.8399 9.479051 4.8399 22.59715 4.8399 9.869599 20.0604 16.31915 13.9357 16.0089 13.9357
19.1771 17.2645 19.20265 20.00565 20.0166 20.50205 9.83675 9.63965 9.9353 10.0594 9.9353 9.63965 9.9353 10.0594 30.31325 19.3888 20.0166 20.50205 9.83675 9.63965 9.63965 9.8915 29.18175 24.966 21.53865 19.6589 23.944 23.944 23.99875 22.6592 22.07155 19.77935 19.3231 17.8704 18.72085 18.72085 18.72085 18.72085 20.0531 26.16685 20.0531 18.72085 18.72085 17.2645 18.72085 19.1771 19.3815 11.3223 9.128651 10.44995 25.4405 22.0241 7.90225 26.0975 5.11 7.0226 10.5339 4.8399 9.7236 7.20145 7.7307 20.04945 19.61875 16.2133 13.9357 15.3008
18.72085 18.72085 17.7463 17.7463 17.8704 17.8704 9.83675 9.63965 9.9353 17.8704 29.93365 10.1032 7.9278 9.1396 24.22505 28.26925 20.0166 20.50205 9.83675 9.63965 9.9353 7.9278 25.20325 25.3091 17.8704 20.38525 20.3962 20.38525 20.03485 20.0823 21.9219 19.98375 19.20265 17.8704 17.8704 18.72085 20.50935 20.69185 20.7612 26.16685 20.50935 19.1771 17.2645 19.1771 18.72085 17.2645 17.2645 18.72085 10.49375 17.2645 24.74335 24.32725 19.7903 10.04115 16.3447 13.8335 13.31155 13.40645 7.19415 15.51615 8.4972 20.075 20.03485 19.1625 19.929 19.7903
18.72085 17.7463 17.86675 17.69885 19.20265 24.01335 17.8704 9.63965 16.85205 26.77275 24.9879 17.8704 9.74185 24.3382 21.53865 25.5354 20.0166 20.50205 9.83675 9.63965 9.8915 9.15785 31.13085 26.7399 24.1995 19.20265 19.6589 19.8633 19.97645 19.77935 21.61895 20.06405 17.8704 17.8704 17.8704 18.72085 19.1771 19.3815 19.49465 19.5421 25.4697 19.3815 18.72085 19.3815 17.2645 19.1771 18.72085 19.1771 19.3815 19.49465 18.72085 19.9582 23.21035 18.0383 18.761 4.8399 4.8399 9.179749 13.9357 5.2487 13.9357 19.82315 20.64805 20.01295 18.13685 18.45805
