Input/recharge_v2.asc
ncols         312
nrows         239
xllcorner     588479
yllcorner     423435
cellsize      30.48
NODATA_value  -9999
[rows 0 to 28 of 239, columns 132 to 197 of 312]
-9999 -9999 -9999 -9999 -9999 -9999 -9999 -9999 -9999 -9999 -9999 -9999 -9999 -9999 -9999 0 0 0 20.6371 20.3816 19.99835 16.08555 21.80875 21.1554 19.0311 15.7242 7.90225 6.7306 12.63995 12.63995 17.4689 15.7242 16.9725 16.9725 16.9725 16.9725 16.9725 18.45805 17.2645 18.9143 21.8854 20.7612 21.6883 15.7242 17.4689 18.0967 18.39965 15.7242 15.7242 15.7242 15.7242 17.4689 15.7242 15.7242 19.0311 15.7242 21.7613 19.7903 19.4399 18.45805 16.9725 16.9725 16.9725 16.9725 16.00525 17.20245
-9999 -9999 -9999 -9999 -9999 -9999 -9999 -9999 -9999 -9999 -9999 -9999 -9999 -9999 0 23.99145 23.3089 8.9425 18.0967 18.0967 17.4689 16.91045 15.7242 15.7242 15.7242 7.90225 8.876801 21.827 0 0 15.3811 16.91045 16.9725 18.45805 18.45805 18.45805 16.9725 16.9725 18.45805 17.2645 19.69175 18.45805 16.91045 15.7242 19.1333 17.41415 18.0967 17.4689 15.7242 16.9725 19.1333 22.8198 19.7246 7.90225 20.09325 7.90225 15.7242 17.4689 17.8704 19.1187 18.9143 18.45805 16.9725 19.1333 18.45805 16.00525
-9999 -9999 -9999 -9999 -9999 -9999 -9999 -9999 -9999 -9999 -9999 -9999 -9999 -9999 0 10.04115 8.98265 17.8996 17.8996 17.4689 17.4689 15.7242 16.9725 15.7242 15.7242 19.06395 10.04115 22.9293 0 0 6.23055 15.7242 21.15905 21.52405 18.9143 16.9725 16.9725 16.9725 16.9725 18.45805 16.91045 16.9725 16.9725 15.7242 17.4689 18.0967 18.39965 18.39965 16.9725 16.9725 21.15905 -9999 -9999 0 16.08555 17.99085 19.3231 19.77935 19.98375 19.23915 15.7242 16.9725 15.7242 18.9143 19.1333 17.10755
-9999 -9999 -9999 -9999 -9999 -9999 -9999 -9999 -9999 -9999 -9999 -9999 -9999 0 19.06395 7.90225 18.13685 18.0967 16.91045 16.91045 15.7242 15.7242 16.9725 16.9725 17.4689 19.06395 0 0 0 16.206 14.09265 23.08625 0 -9999 21.65545 21.52405 18.45805 16.9725 16.9725 16.9725 16.9725 7.90225 21.7613 7.90225 10.04115 7.90225 10.04115 12.32605 15.7242 19.0311 -9999 -9999 -9999 0 16.08555 17.99085 17.99085 17.99085 19.3231 20.06405 17.80835 7.90225 7.90225 17.4689 17.8996 17.4689
-9999 -9999 -9999 -9999 -9999 -9999 -9999 -9999 -9999 -9999 -9999 -9999 -9999 0 20.7612 15.7242 17.41415 17.4689 17.4689 16.9725 16.9725 16.9725 16.9725 16.91045 16.91045 10.001 0 25.5938 0 35.94155 0 0 -9999 -9999 -9999 -9999 21.15905 18.45805 16.9725 16.9725 7.90225 7.90225 16.9725 10.6361 7.90225 11.2639 7.90225 13.5342 0 -9999 -9999 -9999 0 21.1554 15.7242 17.99085 17.99085 17.07105 18.15145 20.76485 7.90225 7.90225 7.90225 10.04115 16.86665 12.98305
-9999 -9999 -9999 -9999 -9999 -9999 -9999 -9999 -9999 -9999 -9999 -9999 -9999 0 20.7612 18.45805 19.1333 15.7242 15.7242 15.7242 15.7242 16.9725 18.45805 17.2645 9.55935 11.70555 9.25275 7.90225 0 0 0 -9999 0 -9999 -9999 -9999 -9999 20.7612 20.367 21.15905 22.21755 22.21755 16.9725 8.79285 25.9296 12.0085 24.6667 16.08555 -9999 -9999 -9999 -9999 0 20.367 16.9725 17.99085 19.3231 18.72085 14.80805 6.8109 14.17295 10.04115 7.90225 14.80805 9.99005 15.3154
-9999 -9999 -9999 -9999 -9999 -9999 -9999 -9999 -9999 -9999 0 -9999 22.2942 16.91045 21.80875 18.45805 16.9725 15.7242 15.7242 16.9725 16.9725 17.4689 16.91045 15.7242 10.39155 8.66875 5.11 17.8704 17.8704 17.3886 20.2137 22.0606 0 -9999 -9999 -9999 -9999 -9999 -9999 -9999 -9999 -9999 16.08555 7.90225 0 -9999 -9999 -9999 -9999 -9999 -9999 -9999 -9999 15.7242 15.7242 18.72085 18.72085 18.72085 5.6575 7.1759 14.1255 7.99715 14.80805 7.85115 11.88805 15.6001
0 0 -9999 -9999 -9999 -9999 -9999 -9999 0 19.0311 0 0 15.7242 15.7242 16.9725 15.7242 16.9725 16.9725 16.9725 19.1333 16.91045 18.0967 17.8996 15.7242 19.1333 7.5847 19.20265 17.8704 17.8704 21.10795 22.265 10.31855 0 -9999 -9999 -9999 -9999 -9999 -9999 -9999 -9999 -9999 -9999 22.21755 -9999 -9999 -9999 -9999 -9999 -9999 -9999 -9999 -9999 0 13.53785 15.6074 13.09985 8.74175 4.8399 4.8399 14.74965 4.8399 20.6006 12.63265 18.67705 16.22425
17.8193 16.206 0 0 -9999 -9999 -9999 19.39975 19.39975 15.7242 15.7242 15.7242 15.7242 16.9725 15.7242 15.7242 16.9725 16.9725 18.45805 18.45805 15.86655 18.71355 9.66155 16.9725 15.7242 21.1189 20.6079 17.8704 23.4257 9.71995 10.0813 8.9425 10.0886 -9999 -9999 -9999 -9999 -9999 -9999 -9999 -9999 -9999 -9999 0 -9999 -9999 -9999 -9999 -9999 -9999 -9999 -9999 -9999 0 14.0379 14.5124 13.09985 13.88825 5.6867 7.48615 13.8554 4.8399 24.5207 4.8399 7.85115 19.856
4.8399 14.54525 16.206 16.206 0 0 16.0892 15.7242 15.7242 17.4689 17.4689 8.876801 9.24545 17.4689 17.4689 7.90225 18.45805 15.7242 16.91045 11.0595 9.0155 8.96075 9.19435 10.54485 27.5356 18.9362 16.91045 22.15915 10.5923 8.9425 10.08495 8.9425 10.0886 0 -9999 -9999 -9999 -9999 -9999 0 -9999 -9999 -9999 -9999 -9999 -9999 -9999 -9999 -9999 0 -9999 -9999 -9999 16.94695 17.26085 4.8399 17.0382 13.09985 13.09985 4.8399 11.4537 6.7306 12.93195 4.8399 10.48645 7.05545
7.4606 7.1613 13.13635 14.09265 16.206 16.206 11.50115 7.90225 7.90225 10.17255 6.69045 7.71245 7.88765 10.001 10.04115 7.90225 9.0374 7.90225 8.876801 7.90225 6.7306 7.99715 8.7162 10.20175 16.53815 17.4689 19.41435 15.4979 10.08495 8.93155 9.6506 8.9425 10.0886 0 0 -9999 -9999 -9999 8.1468 8.1468 0 -9999 -9999 -9999 -9999 -9999 -9999 -9999 8.1468 0 -9999 0 21.1554 16.94695 17.4178 10.366 18.2719 16.45055 22.85265 10.1032 13.1911 11.1836 4.8399 12.93195 8.5848 5.22315
15.30445 15.9359 16.28995 17.4908 14.54525 4.8399 11.50115 5.2487 6.7306 8.07015 8.39135 9.08485 9.71265 8.7162 9.40605 9.9061 9.9134 9.9864 10.074 10.1543 10.2273 10.28935 10.1032 7.5409 5.47865 18.40695 15.7242 10.00465 10.1689 8.4388 8.4242 7.2708 10.0886 10.0886 0 0 0 8.1468 8.1468 0 0 -9999 -9999 -9999 0 0 10.08495 9.902451 8.1468 8.1468 11.0741 23.652 16.94695 15.65485 17.4178 19.5056 9.66885 11.023 8.94615 8.94615 10.4901 8.259951 11.388 13.1911 8.913301 5.23045
9.2856 9.479051 9.70535 9.88055 17.8193 4.8399 4.8399 7.2635 8.285501 8.916949 9.3148 9.50095 9.7163 10.32585 10.2565 10.2711 10.3076 10.3514 10.39155 10.42805 10.4609 9.98275 6.7306 4.8399 8.70525 15.7242 18.0675 8.4388 9.22355 7.2708 7.2708 7.2708 10.1689 7.2708 9.55935 8.1468 8.1468 7.2708 5.90205 10.7748 0 -9999 0 0 9.9791 0 10.82955 4.2778 7.2708 7.2708 5.767 6.4094 19.8633 15.65485 19.0822 19.3085 9.132299 8.500851 15.65485 15.65485 7.85115 7.85115 6.7306 13.40645 7.1759 6.7306
8.7162 9.179749 9.4024 9.6433 9.829451 17.3375 17.4251 17.4981 17.5565 17.60395 17.6441 17.20975 17.4324 17.07105 17.9945 18.28285 17.93975 17.49445 17.44335 17.41415 16.7973 7.19415 5.2487 20.10785 19.8779 19.9436 17.2645 13.2349 7.2708 8.9425 8.9425 8.9425 7.2708 9.0885 8.4388 8.93155 7.2708 8.94615 7.2708 18.7099 24.1995 11.06315 10.63245 10.4463 9.9791 9.55935 7.2708 8.4242 8.1103 8.76 7.2708 5.82175 8.4096 15.65485 19.637 19.88885 19.05665 18.3887 16.94695 16.94695 15.65485 7.85115 6.7306 7.99715 13.55245 4.8399
6.47875 7.99715 9.04105 9.6725 10.07035 10.2492 10.47185 10.6361 10.76385 10.8624 10.94635 11.01205 11.0668 11.11425 8.577499 9.3659 9.74915 9.9718 10.1178 10.31125 5.25235 5.23775 16.1038 19.20265 20.4327 15.7242 17.4689 19.04205 8.9425 8.9425 8.9425 9.71995 8.9425 10.1689 10.4463 10.0375 9.128651 13.9357 13.9357 19.18805 8.4388 7.98985 7.2708 9.22355 8.4242 8.4242 9.22355 9.3294 9.45715 8.573851 9.267349 8.93885 9.65425 16.85935 16.85935 20.586 19.0822 16.94695 19.30485 17.8047 20.732 13.36265 11.36975 9.7382 9.9645 13.66195
15.7388 15.67675 6.57 8.00445 9.04835 9.67615 10.074 10.25285 10.47185 10.6361 10.76385 10.86605 25.77995 20.30495 13.9357 5.11 7.99715 8.7162 8.16505 5.2414 16.41405 15.3008 13.724 19.8633 17.69885 16.7462 15.4979 17.69885 10.12145 9.9645 9.71995 10.00465 9.71995 9.844049 10.0156 8.01905 13.9357 13.9357 11.50115 10.05575 7.2708 7.2708 8.4242 8.4242 8.4242 8.4242 9.22355 9.3294 9.45715 9.0374 9.6214 8.40595 10.147 15.7023 17.9434 18.396 15.65485 19.39975 18.3887 20.88895 20.29035 14.15105 13.12175 9.72725 9.9572 10.1032
14.6949 13.09985 14.6949 15.19495 18.6953 17.9507 17.72805 17.6587 9.48635 10.23825 23.3235 20.69185 20.0969 16.8484 13.9357 13.9357 6.7306 6.7306 7.0226 16.35565 16.4031 16.17315 20.0312 19.783 19.4983 18.22445 16.80095 17.69885 10.22 10.28935 10.02655 10.0594 7.85845 21.0678 19.2428 19.2428 13.9357 13.09985 21.02035 10.5193 8.639549 10.5704 7.2708 7.2708 7.2708 8.4388 8.93155 9.85865 8.5848 9.57395 9.60315 10.14335 9.0082 10.147 19.04205 21.33425 19.8925 16.94695 17.85215 17.9434 20.2356 8.46435 8.865849 10.8186 9.31115 11.096
13.09985 13.09985 14.6949 20.9218 13.09985 15.6001 15.6001 15.4906 15.42855 14.6949 13.09985 14.6949 13.9357 13.09985 18.23905 17.9434 7.85115 7.85115 8.4023 16.29725 16.35565 19.9436 19.9436 19.8414 19.69175 18.9581 16.80095 15.4979 9.83675 9.88055 10.00465 10.0521 10.44265 10.06305 10.0521 9.1834 8.3877 8.913301 8.3877 8.3877 7.2708 8.3877 8.913301 8.3877 7.2708 7.2708 10.3514 9.73455 8.3877 9.53015 9.57395 10.1397 10.06305 10.14335 9.0082 20.10785 17.4689 15.7242 16.85935 20.72835 18.59675 18.66975 19.3596 18.58215 20.66265 19.0822
13.09985 13.09985 25.13755 21.0532 11.50115 11.50115 11.50115 13.09985 15.6001 13.09985 17.4397 17.4397 17.4397 9.928 9.77835 18.91795 17.9434 17.9434 19.9509 17.24625 16.29725 19.85235 19.69175 19.69175 19.856 20.34145 15.4979 8.5483 10.3368 10.31855 10.8916 10.8916 12.15085 10.37695 10.50105 10.44265 10.4901 10.2346 10.2346 9.45715 9.45715 9.45715 9.45715 9.45715 9.45715 8.35485 8.35485 10.20175 10.20175 7.98985 9.53015 10.1105 10.12875 9.8623 10.1397 10.1835 15.7242 16.9725 17.4689 24.16665 21.00575 18.1405 18.34855 18.23175 19.40705 18.5931
7.0664 9.9499 10.03385 8.285501 4.8399 13.9357 15.51615 13.9357 16.19505 16.19505 17.26085 16.19505 8.5848 9.63235 9.63235 9.63235 15.65485 15.65485 15.65485 11.50115 15.7242 16.9725 19.0822 18.9581 18.9581 16.80095 9.83675 8.5483 9.64695 5.78525 5.78525 5.78525 7.58105 10.366 10.9135 10.9135 11.1179 11.1179 11.1179 11.1179 11.1179 10.1543 10.1543 10.1543 10.1543 10.1543 10.1543 10.1543 10.1543 9.73455 10.1105 10.1543 10.20175 9.73455 10.22 10.2419 7.2708 13.2349 7.90225 27.80205 19.0749 20.09325 19.61145 20.15165 19.564 17.2645
6.278 9.73455 9.9061 9.6433 7.23795 5.21585 16.0089 13.9357 18.34125 21.1773 22.8052 10.67625 10.3003 9.69075 9.63235 9.63235 16.74985 16.94695 16.94695 16.9725 16.9725 16.9725 16.94695 15.4979 15.4979 15.4979 8.5337 9.33305 9.71995 9.64695 10.1032 9.9426 6.8912 5.78525 10.366 9.9572 10.9135 10.9135 10.9135 10.9135 10.9135 10.9135 10.9135 10.9135 10.9135 10.37695 10.9135 10.9135 10.37695 10.0302 10.06305 9.8623 10.1543 10.0302 10.1105 10.46455 7.2708 7.2708 13.88825 22.3672 23.38555 21.56785 20.3889 19.0749 20.4765 18.45805
13.9357 9.39145 9.7382 9.4024 8.9279 5.2852 16.66225 16.75715 20.70645 10.0813 10.14335 10.4974 10.4828 10.4536 10.3806 10.14335 19.33405 15.65485 16.85935 18.3887 16.91045 15.65485 15.65485 15.65485 15.4979 16.80095 16.80095 16.9725 9.7455 10.42805 9.33305 8.5483 9.64695 5.78525 9.9572 9.9572 9.9572 9.9572 9.9572 9.9572 9.9572 9.9572 9.9572 9.9572 9.9572 9.9572 9.9572 9.9572 9.9572 9.9572 9.8623 9.73455 9.8623 9.0082 10.06305 8.4242 8.27455 5.5115 5.6429 9.267349 15.7242 21.5569 17.8704 21.77225 17.8704 21.50945
17.99085 9.37685 9.515551 9.179749 8.2928 16.4396 17.19515 8.01905 10.1835 17.6441 20.18085 20.01295 19.3523 19.9728 20.01295 20.07135 20.10055 20.0312 20.0312 20.0312 19.31945 19.3158 19.3085 19.30485 18.3887 18.22445 16.80095 15.4979 15.4979 9.55935 8.5483 8.5483 9.64695 9.64695 9.9426 9.9426 9.64695 9.64695 9.9572 9.9572 9.9572 9.9572 9.9572 9.9572 9.9572 9.9572 9.9572 9.9572 9.9572 9.9572 9.9572 9.9572 9.9572 10.37695 9.9572 9.22355 9.6506 4.2778 9.15055 8.9425 9.71995 8.8841 9.902451 8.9425 9.71995 10.09225
13.9357 7.44235 9.3294 8.7162 7.24525 16.4396 16.2133 16.0089 19.47275 18.02005 20.16625 19.4983 17.69885 20.3013 20.3013 20.2356 20.3013 20.3013 20.34145 18.02005 18.02005 20.34145 20.2356 20.34145 20.04945 20.075 19.4326 20.17355 21.66275 30.10155 24.3017 9.64695 9.9426 9.9426 10.1032 9.28925 9.05565 9.9426 9.9426 9.9426 9.9426 9.9426 10.37695 10.37695 10.37695 10.37695 10.37695 10.37695 10.37695 9.9572 9.9572 9.9572 9.9572 9.9572 9.0082 7.2708 7.2708 9.26005 9.26005 9.26005 9.636 9.26005 9.09215 9.267349 10.09225 10.00465
26.6669 8.8841 8.93155 7.99715 5.2925 16.44325 16.46515 19.67715 19.1625 17.69885 20.51665 19.04205 20.51665 20.51665 20.51665 20.29765 20.66995 20.66995 20.5276 20.61885 20.61885 20.61885 20.3816 20.76485 20.5276 20.61885 19.1552 20.5933 17.3959 15.69135 23.6301 28.0977 10.1032 8.5483 9.771049 8.5483 10.71275 10.1032 10.1032 10.1032 10.1032 9.28925 9.53745 10.3806 10.3806 10.50105 10.50105 10.3806 9.98275 9.0082 9.93895 9.93895 9.0082 9.0082 9.0082 8.4242 7.2708 9.26005 9.26005 9.636 9.26005 9.26005 9.26005 8.9425 10.0959 9.71995
25.1047 8.2344 8.29645 6.7306 16.69875 16.77175 19.67715 20.44365 17.69885 17.69885 21.78685 18.5785 22.63365 22.63365 22.63365 22.2431 22.63365 22.63365 22.7322 22.10805 22.10805 22.94025 22.34165 22.10805 21.9 22.10805 17.8193 21.3087 18.2281 18.0456 19.33405 19.66255 27.6159 24.79445 10.39155 10.44265 9.64695 9.3586 9.3586 9.3586 10.2346 10.7821 10.7821 10.55945 10.42805 9.555699 9.43525 10.3441 10.0302 9.8623 10.06305 10.06305 9.8623 9.22355 8.15045 8.4242 10.32585 9.6506 9.636 9.26005 9.636 9.636 9.15785 10.1032 8.8841 8.4242
9.53015 7.1613 7.2489 4.8399 16.80825 19.67715 20.6079 17.69885 20.29765 22.2431 22.2431 10.7237 10.7237 10.7237 10.7237 10.512 10.7237 10.7237 10.7237 10.804 10.804 10.804 10.512 10.804 10.7237 10.804 10.512 22.7322 17.8777 17.3594 19.33405 19.60415 19.66985 19.9509 21.8124 11.1617 11.4099 9.9937 10.80765 10.80765 10.30395 9.6141 8.5483 8.5483 9.55935 9.6579 10.7237 10.36235 10.04845 9.3294 10.0302 9.98275 9.3294 7.2708 7.2708 8.76 9.22355 10.1032 9.5265 9.782 9.782 9.27465 10.1178 9.71995 8.9425 9.636
9.31115 5.21585 5.29615 4.8399 17.0455 21.13715 17.69885 21.9949 9.7236 10.512 10.512 10.19445 10.19445 10.19445 10.19445 9.7236 10.512 10.512 10.512 10.7237 10.7237 10.7237 10.15795 10.45725 10.09955 10.39155 9.7236 10.4974 21.61895 19.2209 17.23895 19.33405 19.79395 19.69175 22.09345 11.15075 10.4317 10.8624 11.58145 11.58145 10.5923 9.26005 10.99745 10.68355 10.0375 10.2638 10.33315 9.4389 9.66155 10.36235 10.0302 7.2708 8.599401 7.2708 7.2708 9.6506 8.4242 8.4242 9.22355 9.3294 9.45715 9.83675 9.9572 9.45715 10.21635 9.26005
8.833 16.0089 16.72795 15.3008 15.3008 19.56035 22.40735 10.48645 10.5047 10.45725 9.7236 9.7236 9.7236 9.7163 9.7163 9.7163 9.7163 9.7163 9.7236 10.19445 10.19445 10.19445 10.09955 10.09955 9.7163 10.09955 10.09955 10.19445 9.7236 19.71 17.38495 21.024 19.79395 19.6881 19.7611 10.90255 10.89525 11.11425 10.4317 9.69805 10.8478 10.8113 10.8186 10.8186 10.3806 10.3806 10.3806 10.3806 10.3806 9.2345 10.3733 9.6506 9.6506 8.4242 8.4242 8.65415 7.2708 7.2708 8.47895 10.44995 10.2127 9.928 10.4317 9.22355 9.26005 10.78575
