Input/recharge_v2.asc
ncols         312
nrows         239
xllcorner     588479
yllcorner     423435
cellsize      30.48
NODATA_value  -9999
[rows 87 to 115 of 239, columns 132 to 197 of 312]
18.45805 20.24655 19.48005 18.13685 18.13685 19.7903 20.45095 18.34125 18.13685 19.33405 19.33405 18.34125 19.33405 18.34125 19.33405 19.60415 19.33405 19.60415 18.0821 16.80095 20.56045 17.69885 20.0239 19.783 19.4983 19.92535 19.7027 19.9144 19.97645 17.8193 19.61145 20.0239 19.1552 21.6226 18.40695 27.1706 17.9434 9.71995 10.3952 8.9425 10.06305 10.4244 9.7236 10.52295 10.45725 10.52295 9.7236 10.45725 10.52295 10.45725 9.7236 10.52295 10.45725 10.5047 9.7236 10.5047 10.5047 10.5047 10.52295 10.45725 10.5047 9.7236 10.5047 10.52295 10.52295 9.7236
21.2576 20.24655 19.48005 18.13685 18.13685 18.13685 19.9363 18.13685 19.33405 19.33405 19.60415 19.6443 19.65525 18.6953 19.564 19.9801 20.20275 19.50925 19.5494 19.13695 19.04205 19.88885 19.04205 19.99105 19.8487 19.9363 19.81585 19.929 19.8925 19.04205 19.81585 20.02755 21.50215 17.8193 22.046 17.8193 19.1552 25.915 10.39885 9.71995 10.0521 10.44265 9.88055 10.3952 10.366 10.19445 8.9425 10.5047 10.5339 10.5047 10.19445 10.5339 10.5047 10.52295 10.19445 10.52295 10.52295 10.52295 10.5339 10.5047 10.52295 10.19445 10.52295 10.4755 10.4755 10.0667
20.6371 19.7903 19.48005 18.13685 18.13685 19.48005 19.48005 18.13685 18.13685 18.13685 18.34125 18.13685 18.13685 19.48005 19.75015 18.13685 18.13685 17.23895 17.23895 17.69885 19.9144 17.69885 19.9655 19.4983 19.9801 19.94725 19.8633 19.93995 19.91075 19.4983 20.0166 17.69885 21.1043 21.6226 18.40695 19.61145 23.70675 31.7477 17.8193 10.00465 10.07035 10.3952 10.39885 10.38425 10.31855 8.9425 8.9425 10.39885 10.52295 10.45725 9.7236 10.53755 10.52295 10.45725 9.7236 10.5339 10.5339 9.7236 10.53755 9.7236 10.5339 9.7236 10.45725 10.4755 10.91715 9.3805
18.5785 18.13685 18.13685 18.13685 18.13685 18.13685 18.13685 18.13685 18.13685 19.48005 19.48005 19.9363 19.48005 19.9363 20.1407 20.2575 20.3013 19.5713 17.6806 20.586 20.1772 20.075 19.04205 19.88885 19.7027 19.95455 19.8925 19.94725 19.92535 19.7027 20.0166 19.04205 20.7758 21.5131 18.7391 19.0676 21.80145 30.3461 19.1552 29.419 29.42995 10.39885 10.4025 10.366 8.9425 9.71995 9.71995 10.3952 10.366 9.93895 9.0082 10.4609 10.3952 10.19445 8.9425 10.53755 9.7236 10.19445 10.5412 9.7236 10.53755 10.19445 10.4244 8.9425 10.8405 9.3805
19.04205 18.13685 18.13685 18.13685 18.13685 18.13685 19.48005 19.9363 18.13685 19.48005 19.9363 18.13685 20.1407 18.13685 18.13685 19.48005 17.23895 18.66245 16.80095 19.04205 17.69885 17.69885 20.04215 17.69885 19.9655 19.81585 19.9582 19.95455 19.9363 19.81585 20.0166 19.4983 21.13715 17.83025 19.81585 16.80095 21.5569 29.15985 19.61145 24.5718 27.48815 31.75135 31.38635 9.71995 10.00465 10.00465 8.9425 10.38425 10.00465 9.71995 10.4025 10.39885 8.9425 10.19445 10.4025 9.93895 9.7236 10.45725 10.5412 9.7236 10.4828 10.00465 10.38425 8.9425 10.8405 9.3805
20.6225 19.7027 19.9363 19.48005 18.13685 18.13685 19.48005 19.9363 20.1407 20.25385 20.3013 20.3305 19.48005 19.9363 20.1407 19.49465 19.5421 19.8925 19.91075 19.92535 19.9363 19.94725 19.95455 20.02025 19.04205 19.88885 19.8633 19.96185 19.94725 19.8633 20.02025 19.7027 20.8342 19.1625 19.9874 18.22445 21.5496 28.2729 19.81585 23.50965 10.17255 10.22365 31.1564 30.48845 8.9425 10.0521 9.71995 10.3952 10.00465 10.19445 8.9425 10.19445 8.9425 10.4025 8.9425 10.06305 9.93895 10.4463 10.4828 9.6652 10.8405 10.4901 10.8332 10.15795 10.8405 10.15795
19.91075 19.7027 19.9363 19.48005 18.13685 18.13685 19.48005 19.9363 20.1407 20.25385 20.3013 20.3305 20.34875 20.36335 18.13685 18.66245 19.16615 19.7027 17.69885 19.04205 17.69885 19.04205 17.69885 19.04205 20.02025 17.69885 19.9655 19.8925 19.9655 19.8925 20.02025 19.9363 20.83055 20.37065 20.01295 18.72815 21.35615 17.8193 26.82385 9.69075 10.147 10.3879 10.15795 10.22 30.4994 10.00465 10.39885 10.0521 8.9425 8.9425 10.31855 9.71995 8.9425 10.19445 8.9425 10.06305 10.38425 8.9425 10.4025 9.3805 10.8405 10.50835 10.83685 10.44265 10.8405 9.3805
19.6662 19.24645 19.6005 18.26825 18.26825 18.13685 19.48005 19.9363 18.13685 19.48005 18.40695 19.5932 19.99835 20.18085 20.27575 19.55305 20.3378 19.91805 19.93265 19.93995 19.9509 19.95455 19.96185 19.9655 19.96915 20.02025 19.04205 19.9947 19.91075 19.96915 20.02025 19.8633 21.4036 20.55315 20.64805 18.9435 21.00575 17.6441 10.14335 10.3003 10.3806 9.760099 10.3879 10.4098 9.69075 10.0521 10.4025 10.07035 8.9425 9.71995 10.366 9.71995 8.9425 10.19445 8.9425 10.5485 10.8332 10.15795 10.8405 10.15795 10.75655 10.5193 10.8405 10.4901 10.8405 10.15795
19.24645 17.90325 18.46535 18.26825 18.13685 19.48005 18.3814 21.1481 19.83045 19.69905 19.6589 19.6589 19.6589 19.6589 17.86675 17.65505 20.36335 19.9801 19.91805 19.9144 17.69885 19.04205 17.69885 19.04205 17.69885 19.04205 20.02025 19.4983 20.0093 19.92535 19.9728 20.02025 21.4036 20.6225 20.62615 16.80095 20.77215 17.69885 9.9572 10.3806 10.512 9.760099 9.760099 10.5266 10.5485 9.69075 8.9425 10.3952 10.00465 10.38425 10.00465 9.8623 10.37695 9.8623 10.07035 10.83685 9.3805 10.44265 10.8405 9.3805 9.3805 10.83685 10.8405 10.50835 10.8405 10.44265
17.83025 17.69885 19.33405 19.33405 19.33405 19.60415 19.33405 19.60415 19.6443 19.65525 19.33405 19.60415 18.64785 19.58225 19.23185 17.7171 20.5641 20.16625 20.07135 20.0385 20.0239 20.02025 20.02025 20.02025 19.4983 19.7027 19.81585 20.075 19.7027 19.9947 19.9363 20.02025 20.77215 20.0093 20.64075 18.22445 20.7685 9.69075 10.3003 10.4244 10.4536 10.3003 9.69075 10.4901 10.3003 9.69075 9.69075 10.5047 10.38425 10.4901 10.44265 10.804 9.3805 10.44265 10.5193 10.8405 10.15795 10.8405 9.3805 10.15795 10.15795 10.8405 10.8405 10.5193 10.8405 10.4901
15.70595 18.02005 18.45805 19.9363 19.48005 18.13685 19.48005 19.9363 20.1407 20.25385 20.3013 20.3305 20.34875 19.60415 19.6151 19.94725 19.95455 19.9582 17.69885 19.04205 17.69885 17.69885 17.69885 19.04205 20.02025 20.075 17.83025 19.04205 20.02025 20.02025 20.0093 20.01295 20.77215 20.01295 19.88885 20.77215 8.53005 9.69075 10.12875 10.12875 10.7383 10.9208 10.8624 31.8645 24.0973 10.7383 10.12875 10.93905 10.52295 10.5193 10.82225 10.15795 10.4901 9.3805 10.52295 10.75655 10.8405 10.15795 10.44265 10.44265 9.3805 10.8405 10.8405 10.52295 10.8405 10.50835
16.58925 19.7903 20.45095 18.45805 18.13685 18.13685 19.48005 19.9363 20.1407 20.25385 20.3013 20.3305 20.34875 19.60415 19.6151 19.94725 19.95455 19.9582 19.96185 19.9655 19.96915 19.9728 19.04205 19.4983 19.61875 19.82315 20.075 20.075 20.02025 20.02025 20.02025 20.02025 20.02025 20.77215 19.9655 25.07915 9.636 9.69075 10.7383 10.7383 10.8624 10.8624 10.9354 31.58345 20.72835 10.7821 10.7383 10.9427 10.9281 10.4901 10.44265 10.50835 9.3805 10.15795 10.52295 10.8332 10.50835 10.4901 10.44265 10.15795 9.3805 10.8405 10.8405 10.5266 10.8405 10.5193
16.1476 20.5203 19.7903 18.13685 18.13685 19.48005 19.9363 20.1407 20.25385 20.3013 20.3305 20.34875 20.36335 19.6151 19.62605 19.95455 17.69885 19.04205 17.69885 19.04205 17.69885 17.69885 19.9728 17.83025 19.82315 17.83025 17.83025 19.1625 17.69885 19.04205 19.4983 19.7027 19.81585 19.8633 20.77215 24.94775 16.80095 10.1324 10.8624 10.12875 10.12875 10.90985 10.12875 10.5996 20.6225 30.55415 16.6659 10.85875 10.12875 10.12875 10.5193 10.15795 10.44265 10.5266 10.44265 10.15795 10.15795 10.4901 9.3805 10.15795 9.3805 10.8405 10.8405 10.8405 9.3805 10.52295
15.99795 20.24655 19.7903 18.13685 18.13685 19.48005 19.9363 20.1407 18.13685 19.48005 19.9363 20.1407 19.49465 19.5421 19.8925 19.91075 19.92535 19.9363 19.94725 19.95455 19.9582 19.96185 19.04205 19.7246 19.1625 19.61875 19.1625 19.61875 19.7027 19.81585 19.8633 19.8925 19.91075 19.92535 19.9363 21.7467 19.04205 24.48785 10.90985 10.12875 10.7383 10.7383 10.7383 10.8259 10.58135 10.62515 18.2792 31.8718 10.3441 10.90985 10.44265 10.5266 10.5266 10.15795 9.3805 9.3805 9.3805 9.3805 10.44265 10.15795 9.3805 10.8405 10.8405 10.8405 10.15795 10.5266
15.99795 20.24655 19.7903 18.13685 18.13685 18.13685 18.13685 18.13685 20.25385 20.3013 18.13685 19.48005 17.23895 18.66245 19.4983 19.7027 17.69885 19.04205 17.69885 19.04205 17.69885 17.69885 19.9655 17.69885 19.7465 17.69885 19.7027 17.69885 17.69885 19.04205 19.4983 19.7027 19.81585 19.8633 19.9363 19.94725 21.54595 21.0532 30.94105 10.12875 10.7383 10.8624 10.8624 10.8624 10.89525 10.83685 19.89615 31.5068 31.79515 10.12875 10.94635 10.15795 9.3805 10.15795 9.3805 9.3805 9.3805 9.3805 10.44265 10.15795 10.8405 10.8405 9.3805 10.8405 10.44265 10.5266
15.99795 20.24655 19.7903 18.13685 18.13685 19.48005 19.48005 19.48005 18.13685 18.13685 20.3305 20.34875 19.60415 19.1771 19.94725 19.95455 19.9582 19.96185 19.9655 19.96915 19.9728 19.9728 19.04205 19.6005 19.04205 19.8195 19.04205 19.4983 19.7027 19.81585 19.8633 19.8925 19.91075 19.92535 19.7027 19.81585 21.34885 19.4618 27.2144 10.7383 10.8624 10.12875 10.90985 10.12875 10.92445 10.90255 10.54485 31.51045 29.6599 31.1637 10.93905 10.9281 10.4901 10.44265 10.15795 10.15795 10.15795 10.4901 10.44265 10.8405 9.3805 10.8405 10.15795 10.8405 10.4901 10.5266
16.43595 20.24655 19.7903 18.13685 18.13685 19.48005 19.9363 19.9363 18.13685 19.48005 19.04205 15.4979 16.80095 18.22445 17.69885 19.04205 19.4983 19.7027 17.69885 19.04205 17.69885 19.04205 19.97645 17.69885 19.7465 19.6589 20.0239 17.8704 17.8704 19.20265 19.6589 19.6589 19.8633 19.6589 17.69885 19.7027 19.81585 20.77215 19.91075 10.59595 10.8624 10.90985 10.7383 10.9281 10.7383 10.9354 10.81495 10.585 18.0821 28.40065 10.12875 10.7383 10.12875 9.3805 10.44265 10.44265 10.50835 9.3805 10.8405 10.15795 9.3805 10.8405 10.44265 10.8405 10.50835 10.5266
20.24655 19.7903 18.13685 18.13685 18.13685 19.48005 19.9363 20.1407 19.48005 19.4983 17.69885 18.2792 18.9581 18.93255 19.783 19.8487 19.88155 19.90345 19.91805 19.93265 19.93995 19.9509 19.4983 19.7465 19.04205 19.98375 19.8633 19.6516 17.8704 17.8704 19.20265 17.8704 19.20265 19.20265 19.6589 17.69885 19.7027 19.8633 21.1481 10.58135 10.8186 10.90985 10.8624 10.12875 10.8624 10.9427 10.8916 10.8186 10.3952 25.64855 10.7821 10.7383 10.12875 10.50835 10.4901 10.5193 10.15795 10.8405 10.44265 10.15795 9.3805 10.8405 10.4901 10.4025 10.0813 10.0886
19.7903 18.45805 18.13685 18.13685 18.13685 19.48005 18.13685 19.48005 20.25385 19.4983 19.7027 16.80095 18.7391 19.7027 17.69885 19.04205 17.69885 19.04205 17.69885 19.04205 17.69885 19.04205 19.95455 17.69885 19.8195 19.6589 19.8633 19.81585 19.90345 19.20265 17.8704 17.8704 17.8704 19.20265 19.04205 19.4983 19.04205 19.4983 19.34135 10.12875 10.7383 10.8916 10.9281 10.90985 10.7383 10.90985 10.9427 10.8916 10.80035 10.585 10.8624 9.85135 9.85135 10.9427 10.9427 9.3805 10.8405 10.4901 10.44265 10.15795 9.3805 10.8405 10.50835 10.39885 10.0886 10.0886
18.45805 18.45805 18.13685 19.48005 18.13685 19.48005 19.9363 20.1407 20.25385 20.3013 17.23895 18.84495 18.3887 19.4983 19.7027 19.81585 19.8633 19.8925 19.91075 19.92535 19.9363 19.94725 19.95455 19.9582 19.04205 19.6005 19.7027 19.8633 19.98375 19.6589 19.04205 17.69885 17.69885 17.69885 17.69885 17.69885 17.69885 17.6441 9.9572 10.20905 10.81495 10.8624 10.9208 10.93905 10.8624 10.9281 10.94635 10.9208 10.8843 10.8186 18.0821 24.48785 16.6659 10.86605 10.9427 10.93905 10.50835 10.4901 10.44265 9.3805 10.15795 10.8405 10.5193 10.8405 10.0886 9.71995
18.13685 18.13685 19.48005 19.9363 18.13685 18.13685 19.9363 20.1407 20.25385 20.3013 19.6954 16.94695 19.61145 17.69885 17.69885 19.04205 17.69885 19.04205 17.69885 19.04205 17.69885 19.04205 17.69885 17.69885 20.03485 17.8704 19.91075 19.97645 19.9947 19.7027 19.04205 17.69885 17.69885 17.69885 17.69885 17.69885 17.6441 9.9572 10.36235 10.82955 10.91715 10.8916 10.90985 10.9354 10.82955 10.12875 10.94635 10.9354 10.8916 10.12875 23.35635 20.24655 31.4046 19.6297 10.12875 10.12875 10.50835 10.4901 10.15795 10.44265 9.3805 10.8405 10.52295 10.8405 8.55925 9.22355
19.48005 18.13685 19.9363 20.1407 19.48005 19.48005 18.13685 19.48005 18.13685 18.8267 19.6954 20.02755 19.04205 19.4983 19.7027 19.81585 19.8633 19.8925 19.91075 19.92535 19.9363 19.94725 19.95455 19.9582 19.04205 19.88885 19.04205 19.6005 19.9655 19.81585 19.4983 19.04205 19.04205 19.04205 17.69885 19.04205 9.9572 10.36235 10.4463 10.8624 10.93175 31.8572 30.94105 30.63445 31.86815 24.0973 31.87545 31.86815 31.10895 23.80895 19.6224 20.294 22.01315 10.55215 10.9427 10.9427 10.5193 10.50835 10.34045 9.66155 8.4242 10.3806 10.3441 9.3294 9.71995 8.9425
19.48005 20.1407 20.25385 18.13685 19.9363 19.9363 18.13685 18.13685 19.1771 17.38495 19.3012 17.69885 19.92535 17.69885 17.69885 19.04205 17.69885 19.04205 19.4983 19.7027 19.81585 19.8633 19.8925 19.91075 19.96185 17.69885 19.9655 17.69885 17.69885 20.0093 19.4983 17.69885 19.4983 19.4983 16.80095 9.9572 10.06305 9.69075 10.3003 10.12875 10.366 9.85135 16.6659 29.45915 26.3457 31.4703 31.47395 31.463 20.2283 15.25335 18.66975 18.42155 19.07125 20.8342 10.1835 10.15795 10.0594 9.89515 10.44265 10.15795 10.8405 10.82225 9.3805 10.15795 9.3805 9.3805
17.77185 17.23895 19.48005 20.1407 18.13685 20.1407 19.48005 19.48005 17.23895 17.8047 16.85935 19.0676 16.7462 18.0529 18.22445 18.72815 18.9435 19.05665 19.8633 19.8925 19.91075 19.16615 19.1771 19.18805 19.19535 19.199 19.20265 19.96185 19.96185 19.96185 18.9435 18.22445 18.9435 19.7027 19.04205 9.9937 9.63235 10.00465 10.0813 9.9791 11.23835 9.96085 32.2003 18.2792 28.5284 24.3528 31.43015 30.9885 20.2575 16.9798 16.77175 18.59675 18.4471 18.031 16.4177 10.11415 10.94635 10.5266 10.5266 10.83685 10.8332 9.9645 25.4916 10.44265 10.15795 9.3805
19.7027 19.4983 19.05665 16.7462 17.33385 15.4979 15.4979 18.7391 18.7391 16.85935 20.58235 20.2721 19.81585 17.69885 21.1627 18.13685 18.13685 19.48005 17.23895 18.66245 19.16615 20.1407 20.25385 20.3013 20.3305 20.34875 20.36335 19.9363 19.9801 19.9801 20.02025 19.4983 19.81585 19.81585 19.4983 10.4463 9.69075 10.3003 9.69075 9.63235 10.7383 9.85135 24.09365 29.8643 18.77195 26.91145 31.4119 31.0323 16.61845 13.9357 16.5637 16.4177 16.4177 16.4177 26.7399 9.85135 10.12875 10.7383 9.3805 9.3805 26.17415 15.9359 27.3823 18.13685 10.15795 9.3805
19.97645 20.0093 20.1188 20.57505 19.71365 17.69885 19.71365 19.7027 16.80095 19.637 17.8193 20.16625 19.9436 20.3013 19.48005 20.32685 19.48005 19.9363 20.1407 20.25385 20.3013 20.3305 20.34875 20.36335 20.3743 20.38525 20.42175 20.4181 17.69885 19.04205 19.94725 20.02025 20.02025 19.8633 17.69885 28.70725 24.7689 9.69075 10.3003 10.4244 10.85145 10.8478 31.5141 20.72835 28.87515 19.03475 31.4046 31.4046 16.5856 16.36295 15.51615 16.0089 15.51615 21.4474 23.7177 10.5339 10.90985 10.8624 10.7383 10.6215 17.56015 22.5351 19.48005 27.72175 25.10835 18.13685
19.9947 19.8487 19.783 19.69175 19.04205 17.69885 19.69175 19.05665 16.80095 19.1552 20.05675 19.48005 20.50935 20.3378 20.3305 18.13685 20.4035 18.13685 18.13685 19.48005 19.9363 20.1407 20.25385 20.3013 20.3305 20.42175 19.48005 20.4181 18.13685 19.9363 17.69885 19.7027 19.81585 20.02025 20.02025 20.02025 24.24695 23.4622 10.14335 10.3806 10.83685 10.9208 30.82425 29.5431 27.37865 26.2362 30.9666 29.47375 16.3885 16.0089 16.2133 13.9357 20.3378 13.9357 27.25455 9.85135 10.12875 10.90255 10.83685 10.12875 10.4901 18.13685 24.1338 21.8124 19.48005 22.1774
19.97645 19.81585 19.7027 19.4983 19.04205 17.69885 19.783 19.1041 18.22445 19.9363 18.2573 19.9363 18.13685 20.4765 20.34145 20.3524 19.48005 20.32685 20.4035 20.4327 20.4473 20.45095 20.4546 20.4546 20.45825 20.42175 18.13685 20.4181 18.13685 20.36335 18.13685 19.4983 19.4983 19.7027 19.95455 19.04205 19.9363 19.94725 19.9144 10.14335 10.7602 10.8916 10.8405 30.42275 27.3969 25.72155 30.1855 29.26205 16.1914 16.31915 15.3008 19.929 15.51615 23.02055 23.7177 10.1032 10.92445 10.8624 10.7383 10.82225 10.12875 10.48645 15.9359 20.43635 20.659 19.8414
19.97645 19.81585 19.7027 19.4983 19.04205 17.69885 19.8487 19.1333 16.80095 19.9363 20.1407 19.48005 20.1407 19.48005 20.46555 18.13685 20.36335 18.13685 18.13685 19.48005 19.9363 20.1407 20.34875 20.39985 20.1407 20.42175 18.13685 20.4181 18.13685 20.34875 19.48005 19.04205 19.04205 19.94725 17.69885 19.92535 17.69885 19.04205 19.7027 19.7757 10.14335 10.7602 10.8916 10.4609 30.44465 26.6888 24.15205 29.26205 16.20235 15.79355 18.5858 13.724 20.56775 13.724 26.7326 13.724 26.7691 16.2279 10.81495 10.7383 10.12875 10.43535 19.40705 20.66995 19.9363 18.13685
