Input/recharge_v2.asc
ncols         312
nrows         239
xllcorner     588479
yllcorner     423435
cellsize      30.48
NODATA_value  -9999
[rows 145 to 173 of 239, columns 66 to 131 of 312]
10.1324 10.1032 10.38425 10.4025 10.4901 10.44265 10.31855 10.31855 10.1032 10.51565 10.44265 10.31855 10.44265 10.31855 9.83675 9.83675 9.83675 9.83675 10.44265 10.31855 9.83675 10.50105 10.50105 10.50105 10.50105 10.50105 10.50105 10.50105 10.5485 9.9572 10.5485 9.9572 10.37695 10.50105 10.50105 9.9572 9.9572 5.73415 22.6008 15.65485 20.26115 17.19515 20.25385 17.19515 19.44355 17.19515 19.44355 15.65485 18.35585 10.6872 9.98275 7.85115 17.19515 18.66975 18.66975 18.66975 18.66975 17.19515 17.19515 17.19515 17.19515 15.65485 15.65485 15.65485 17.4178 20.3889
10.38425 9.83675 10.4682 10.50835 9.83675 10.4901 10.44265 10.44265 10.2346 10.4901 10.44265 10.4901 10.5266 10.52295 10.5193 10.50835 10.4901 10.44265 10.31855 10.31855 9.83675 10.37695 10.37695 10.37695 10.37695 10.37695 10.37695 10.37695 10.50105 9.9572 10.50105 9.9572 10.37695 10.37695 10.37695 9.9572 10.9135 8.4607 28.67805 25.68505 24.2506 21.1846 19.126 19.3304 19.126 19.3304 18.66975 17.6076 18.02005 8.8257 7.85115 8.56655 22.7322 19.91805 20.06405 20.075 20.0823 17.19515 18.66975 18.66975 17.19515 15.65485 15.65485 19.345 19.1552 18.6661
10.4682 10.31855 10.50105 10.31855 9.83675 10.50835 10.4901 10.4901 10.45725 10.5266 10.5266 10.5266 10.50835 10.4901 10.44265 10.31855 9.83675 9.83675 9.83675 9.83675 9.83675 9.9572 9.9572 9.9572 9.9572 9.9572 9.9572 9.9572 10.37695 10.37695 10.37695 9.9572 9.9572 9.9572 9.9572 9.9572 10.9135 11.1179 28.30575 21.2211 17.19515 18.3887 17.19515 18.66975 17.19515 17.19515 19.59685 16.94695 17.21705 17.4178 19.0822 18.3887 18.66975 19.126 19.126 17.19515 17.19515 20.0823 19.126 19.126 18.3887 16.94695 17.19515 17.19515 17.8193 16.85935
9.83675 10.44265 10.44265 10.5266 9.83675 10.5193 10.5266 10.5266 10.50835 10.2346 10.44265 10.31855 9.83675 9.83675 9.83675 10.31855 9.83675 9.83675 9.83675 9.83675 9.9572 9.9572 9.9572 9.9572 9.9572 9.9572 9.9572 9.9572 9.9572 9.9572 9.9572 9.9572 10.37695 9.9572 9.9572 9.9572 10.37695 11.1179 9.62505 27.15235 8.7162 19.99105 21.18095 20.00565 19.71 19.6224 17.19515 18.66975 15.65485 15.65485 17.19515 17.19515 18.66975 18.66975 18.66975 17.19515 18.66975 20.08595 19.3304 17.19515 18.3887 16.94695 18.66975 17.19515 17.19515 17.4178
10.5266 10.5266 10.5266 9.83675 10.5266 10.5266 10.5266 10.6507 11.04125 9.24545 10.44265 10.31855 9.83675 9.83675 9.83675 9.83675 10.31855 10.31855 9.83675 10.31855 9.9572 10.37695 9.9572 10.37695 10.37695 10.37695 10.366 10.366 9.9572 9.9572 9.9572 9.9572 10.37695 10.50105 10.5485 10.37695 11.1179 11.18725 9.730901 28.1196 25.39305 23.6009 28.1926 26.9881 17.19515 17.19515 17.19515 17.19515 15.65485 17.19515 7.85115 17.19515 17.19515 17.19515 17.19515 17.19515 18.66975 20.08595 11.94645 19.126 16.94695 15.65485 18.66975 17.19515 17.19515 15.65485
10.31855 10.44265 10.44265 9.83675 9.83675 10.52295 10.44265 10.31855 9.64695 9.64695 9.83675 9.83675 10.31855 10.31855 9.83675 10.44265 9.83675 10.31855 9.83675 10.31855 9.83675 10.31855 10.50105 10.50105 10.50105 10.9135 10.366 10.9135 10.37695 9.9572 10.37695 10.37695 9.9572 9.9572 9.9572 10.37695 10.50105 10.5485 9.555699 29.2876 31.44475 26.4479 15.65485 17.19515 25.6303 18.66975 18.66975 18.66975 15.65485 8.82935 18.66975 21.973 17.19515 17.19515 17.19515 17.19515 17.19515 9.50095 14.04885 18.3887 15.65485 17.21705 18.66975 17.19515 17.19515 15.65485
9.83675 10.31855 10.31855 9.83675 9.83675 10.31855 10.51565 10.6069 8.5483 10.50835 10.4901 10.44265 9.83675 10.44265 10.31855 10.4901 10.31855 10.44265 10.31855 10.44265 10.31855 10.50105 10.5485 10.5485 9.9572 10.5704 10.3733 11.1179 10.50105 9.9572 10.50105 9.9572 10.37695 9.9572 10.37695 9.9572 10.07035 11.1179 9.62505 30.67095 26.50265 20.83055 29.0175 26.08655 18.66975 24.31995 19.126 19.126 17.4178 10.5193 19.126 20.002 18.66975 18.66975 18.66975 18.66975 17.19515 8.7162 15.34095 18.8632 17.4178 18.8632 18.66975 17.19515 17.19515 16.85935
9.83675 9.83675 9.83675 9.83675 10.31855 10.44265 10.5266 10.50105 10.45725 10.40615 10.1835 24.966 17.8193 30.368 17.8193 30.6162 27.3969 30.48845 10.44265 10.4901 10.4901 10.56675 10.56675 10.37695 10.54485 10.4974 9.76375 11.18725 11.18725 9.9572 10.37695 10.5485 10.37695 10.50105 10.5485 10.4974 10.54485 10.366 23.52425 21.7175 20.6152 20.4984 21.81605 16.94695 25.56825 17.19515 23.0461 19.3304 19.8925 11.50115 19.3304 19.6516 17.19515 19.126 19.3304 19.126 8.7162 11.53765 13.13635 24.6521 19.8925 19.61145 18.66975 17.19515 17.19515 16.85935
9.83675 9.83675 9.83675 10.31855 10.44265 10.5266 10.5266 10.47185 10.3368 10.1616 19.8633 19.6589 19.1552 25.93325 20.07135 26.6012 23.84545 26.35665 29.419 30.9374 31.12355 31.0104 31.53235 27.29835 10.55945 10.54485 10.9135 11.1106 11.1106 10.37695 10.50105 9.83675 10.50835 10.44265 10.54485 10.5631 10.5704 30.8498 30.71475 29.4336 28.6233 26.572 26.0026 24.40025 18.66975 24.4915 24.02795 22.80885 24.1484 19.84505 19.8852 12.25305 22.5205 20.9948 14.162 23.5644 14.3883 15.51615 15.65485 17.4178 24.0097 21.88905 19.126 18.66975 18.66975 17.85215
10.31855 9.83675 9.83675 9.83675 10.31855 10.5266 10.31855 10.4901 9.5995 10.1616 20.03485 20.0312 23.94035 20.0312 20.0312 20.0312 20.03485 23.94035 27.9444 28.7693 20.14435 29.14525 17.9434 31.07975 18.67705 10.5631 10.5704 10.64705 10.63245 9.9572 10.50105 10.4901 10.31855 10.5777 9.9572 17.19515 18.66975 16.94695 18.66975 19.126 19.3304 17.447 20.24655 19.75015 24.4696 24.1119 18.66975 17.52365 16.85935 17.3667 17.447 24.37105 17.8412 17.62585 9.30385 9.45715 19.856 18.4763 15.65485 19.83045 19.1552 19.126 21.43645 21.2868 19.126 20.1261
9.83675 10.31855 10.31855 9.83675 10.31855 10.5266 9.83675 10.44265 8.93885 10.44265 10.44265 17.8704 20.3816 20.7174 20.0531 20.075 20.1334 20.2794 17.8193 20.2502 20.2502 20.3013 20.7174 28.24005 21.61895 31.80975 10.3368 10.48645 10.6142 10.6361 10.64705 10.6507 10.6507 10.60325 31.75135 17.19515 18.66975 17.21705 20.1188 19.6662 12.8553 23.16655 20.9437 20.3889 21.2503 22.10805 17.19515 19.3085 17.19515 19.126 19.3304 20.4181 20.4181 20.002 15.65485 20.28305 17.21705 18.26095 15.65485 17.8193 19.81585 19.44355 19.491 17.77915 21.243 21.1773
10.44265 10.31855 9.83675 9.83675 10.31855 10.5266 10.31855 10.31855 9.64695 10.31855 10.31855 10.31855 21.5569 22.3015 20.7393 20.67725 20.3816 20.67725 20.61885 20.61885 20.61885 22.3015 23.13735 22.7322 10.877 11.2201 11.2201 10.37695 9.9572 10.50105 10.56675 10.5777 10.5193 10.52295 31.3316 31.2221 17.19515 18.8632 19.3304 17.19515 9.50095 11.5851 23.53155 23.0388 25.73615 26.00625 17.19515 19.637 20.01295 19.126 21.973 22.776 22.776 21.973 17.19515 21.8781 18.66975 17.85215 15.65485 19.61145 17.8193 19.126 19.3304 17.447 17.19515 9.85865
10.44265 10.31855 9.83675 9.83675 9.83675 10.5266 10.50835 9.83675 9.64695 9.83675 9.83675 9.83675 10.31855 10.5193 22.2285 22.338 21.61895 22.338 22.21755 22.21755 22.94025 10.51565 11.2201 11.1179 10.366 11.20915 10.56675 9.9572 10.37695 10.5485 10.37695 10.56675 9.9572 10.37695 27.3969 23.84545 31.08705 30.3826 27.72175 30.7257 27.4115 27.10855 16.94695 7.85115 11.32595 11.6435 7.85115 16.85935 18.67705 20.01295 7.85115 8.500851 8.500851 7.85115 24.56815 25.76535 16.94695 16.85935 19.83045 19.1552 19.1552 18.66975 17.19515 18.66975 17.19515 20.39255
10.4901 10.44265 10.31855 9.83675 9.83675 10.4901 10.5266 10.4901 10.1032 10.31855 9.83675 9.83675 10.4901 10.50835 10.50835 10.56675 10.37695 10.56675 10.5485 10.5485 11.18725 11.20915 10.56675 10.5485 10.37695 10.5485 10.5485 9.9572 10.50105 9.9572 10.5485 9.9572 10.37695 10.56675 29.77305 24.7251 23.6666 21.85255 17.20245 24.02065 8.7162 11.2931 22.3818 12.2859 10.7383 11.37705 8.55925 15.65485 18.67705 18.67705 20.01295 20.01295 8.4023 10.28205 9.98275 11.37705 16.94695 15.65485 17.8193 17.8193 17.8193 17.8193 17.19515 16.85935 17.85215 16.94695
10.5266 10.5266 10.5193 10.50835 10.4901 10.44265 9.83675 10.52295 10.30395 10.44265 10.31855 9.83675 10.44265 10.4901 10.4901 10.5485 9.9572 10.5485 10.50105 10.50105 10.50105 11.18725 11.18725 10.50105 9.9572 10.50105 10.50105 9.9572 10.37695 10.50105 10.37695 10.50105 10.5485 10.5485 10.5631 29.56865 24.49515 22.0022 17.20975 18.27555 22.05695 21.72115 20.1699 17.22435 7.85115 7.85115 10.28205 8.4023 16.94695 18.67705 18.67705 18.67705 7.85115 7.85115 10.28205 7.85115 15.65485 17.4178 17.8193 17.8193 17.8193 17.8193 17.19515 15.65485 16.85935 15.65485
10.5193 10.5266 9.83675 10.4901 9.83675 10.44265 10.31855 10.5193 9.64695 10.4901 10.44265 9.83675 10.31855 10.44265 10.44265 10.44265 9.83675 10.44265 10.31855 10.31855 10.31855 10.50105 11.1179 10.9135 10.366 10.9135 10.37695 9.9572 10.37695 9.9572 10.37695 10.37695 10.50105 9.9572 10.37695 27.5064 23.9002 20.3743 17.16595 24.24695 16.49435 24.23235 21.73575 19.80125 16.5272 17.61125 7.85115 7.85115 16.94695 18.67705 18.67705 18.67705 18.67705 8.9279 7.85115 21.7102 17.9215 20.81595 20.6152 19.1552 19.1552 19.61145 18.66975 17.19515 17.19515 17.19515
10.50835 10.52295 10.50835 9.83675 10.44265 10.31855 9.83675 10.50835 10.30395 9.83675 10.44265 10.31855 9.83675 10.31855 10.31855 10.31855 10.31855 10.31855 9.83675 9.83675 9.83675 10.31855 10.37695 10.366 10.366 9.9572 9.9572 9.9572 9.9572 9.9572 9.9572 9.9572 10.37695 10.50105 10.5485 30.3461 26.09385 24.05715 23.46585 20.60425 15.4979 17.4178 15.65485 19.0822 16.94695 18.3887 24.966 22.0168 18.3887 18.40695 15.65485 15.65485 18.40695 18.8632 10.2711 22.70665 18.79385 20.96195 20.3232 20.14435 19.97645 17.19515 17.19515 17.19515 17.19515 17.19515
10.4901 10.4901 10.5193 10.4901 10.44265 10.31855 9.83675 10.4901 10.4901 10.1032 10.31855 10.31855 9.83675 9.83675 9.83675 9.83675 9.83675 9.83675 9.83675 9.83675 9.83675 9.83675 9.83675 10.366 10.366 9.9572 9.9572 9.9572 9.9572 9.9572 9.9572 9.9572 9.9572 9.9572 10.07035 26.98445 23.2651 21.1992 21.09335 17.12215 19.1625 19.61875 19.9363 20.04945 20.07865 20.07135 20.075 21.47295 19.61875 12.6801 8.82935 7.85115 7.85115 7.85115 16.94695 18.3887 15.65485 19.83045 19.1552 19.61145 19.81585 20.00565 18.66975 18.66975 17.19515 17.19515
10.44265 10.44265 10.50835 10.31855 10.44265 10.31855 9.83675 10.44265 10.44265 9.64695 9.83675 9.83675 9.83675 9.83675 9.83675 9.83675 9.83675 9.83675 9.83675 10.31855 9.83675 9.83675 9.83675 9.9572 10.37695 10.37695 10.37695 9.9572 10.37695 9.9572 10.37695 10.37695 10.50105 10.37695 10.50105 10.5412 30.3388 26.0829 24.05715 23.57535 22.06425 21.54595 21.60435 21.60435 21.60435 21.54595 21.60435 21.6591 21.61895 19.61875 19.1625 17.9434 22.5643 22.4402 16.94695 16.94695 18.8632 17.8193 17.8193 17.8193 17.8193 17.8193 20.075 17.21705 16.94695 18.3887
10.31855 10.31855 10.31855 10.4901 9.83675 10.31855 9.83675 10.31855 10.31855 9.9426 9.83675 9.83675 9.83675 10.31855 10.31855 10.31855 9.83675 10.31855 9.83675 10.31855 9.83675 10.31855 10.31855 9.83675 10.44265 10.50105 10.50105 9.9572 10.37695 10.50105 10.37695 10.50105 9.9572 10.4901 10.50835 9.6944 24.8054 17.69885 19.04205 17.69885 19.04205 19.4983 19.9582 20.0239 20.02025 20.02025 20.02025 20.02025 20.02025 21.54595 17.69885 17.69885 20.46555 20.46555 18.3887 15.65485 19.1552 19.81585 17.8193 17.8193 17.8193 17.8193 17.8193 18.1916 7.85115 10.5412
9.83675 9.83675 9.83675 9.83675 10.44265 9.83675 9.83675 9.83675 9.83675 9.64695 9.83675 10.31855 10.31855 10.44265 10.44265 10.44265 10.31855 10.44265 10.31855 10.44265 10.31855 10.44265 10.44265 9.83675 10.4901 10.5485 10.5485 9.9572 10.50105 9.9572 10.37695 10.44265 10.4901 9.83675 10.30395 30.91185 28.74375 26.15955 24.2944 23.93305 23.9294 23.9294 20.02755 17.69885 19.8633 20.1407 20.36335 20.34875 18.2573 19.1552 21.389 21.17 21.17 21.17 21.10795 19.66255 21.58975 21.25395 21.1919 19.1552 19.1552 17.8193 20.0312 19.96915 14.11455 21.973
9.83675 9.83675 9.83675 9.83675 9.83675 10.31855 9.83675 9.83675 9.83675 9.64695 9.83675 9.83675 10.44265 10.4901 10.4901 10.4901 10.44265 10.44265 9.83675 10.4901 10.44265 10.4901 10.5485 9.83675 10.50835 10.56675 10.56675 9.9572 10.5485 9.9572 9.9572 10.44265 10.4901 10.50835 31.6236 17.69885 19.04205 19.4983 19.7027 19.81585 19.9874 20.03485 19.7027 20.25385 19.9363 20.34875 20.1407 20.44365 18.2573 20.44365 20.46555 20.4692 20.4692 20.40715 18.3887 17.21705 20.54585 19.8998 19.61145 21.1773 21.17 21.17 9.98275 17.4178 7.85115 18.66975
10.31855 9.83675 10.31855 10.31855 9.83675 9.83675 9.83675 10.31855 9.9426 10.31855 10.31855 10.31855 10.4901 10.50835 10.50835 10.4901 9.83675 10.4901 10.31855 10.50835 10.4901 9.83675 10.56675 9.9572 10.37695 10.5777 10.5777 9.9572 10.37695 10.37695 10.37695 9.83675 10.31855 10.44265 29.30585 30.2731 29.27665 28.38605 27.1122 25.7398 20.0531 19.9363 20.1407 19.48005 20.3305 19.9363 20.3013 20.04945 20.41445 18.2573 20.41445 20.4692 19.5932 17.38495 16.94695 17.8193 17.8193 19.1552 19.1552 19.1552 19.61145 22.4402 7.85115 15.65485 17.19515 9.8477
9.83675 10.31855 10.44265 10.31855 10.31855 10.31855 9.83675 10.44265 10.1032 9.83675 10.44265 9.83675 10.50835 10.5193 10.5193 10.31855 10.50835 9.83675 10.44265 9.83675 10.5193 10.50835 10.5777 9.9572 10.9135 10.50105 10.58135 9.9572 9.9572 10.50105 10.44265 10.44265 9.83675 10.31855 27.28375 23.8345 21.7905 21.5569 21.56785 21.37075 19.48005 19.9363 18.13685 20.3013 19.48005 20.25385 19.48005 20.25385 19.48005 20.367 19.5932 20.4692 18.2573 16.94695 15.65485 17.8193 17.8193 17.8193 17.8193 17.8193 18.66975 7.85115 7.85115 16.94695 17.19515 9.74915
10.52295 10.5193 10.50835 10.4901 10.44265 10.31855 9.83675 10.4901 10.2346 9.83675 10.4901 9.83675 10.5193 10.52295 10.52295 10.5193 9.83675 10.31855 10.4901 9.83675 10.31855 10.50105 11.18725 11.20915 11.17265 11.1763 11.17995 11.17995 11.17995 11.17995 11.1398 11.09235 10.9865 9.83675 10.30395 27.28375 23.8345 21.8197 19.81585 18.13685 18.13685 19.48005 20.25385 18.13685 20.1407 18.13685 20.1407 18.13685 20.1407 18.13685 20.39255 18.13685 17.38495 16.94695 15.65485 19.1552 17.8193 17.8193 17.8193 17.8193 17.8193 17.19515 7.85115 16.94695 18.66975 9.74915
10.50835 10.4901 10.44265 10.31855 9.83675 10.31855 9.83675 10.50835 10.30395 9.83675 10.31855 10.50835 10.31855 10.52295 10.52295 10.31855 10.44265 9.83675 10.50835 9.83675 10.37695 9.9572 10.9135 11.20915 11.13615 10.37695 9.9572 10.5485 10.56675 9.9572 10.31855 10.44265 10.4901 10.5266 10.512 31.6382 31.15275 19.7027 19.7027 19.48005 18.13685 20.1407 19.48005 19.9363 19.48005 19.9363 19.48005 19.9363 19.48005 20.38525 19.48005 19.1771 19.5056 19.1552 19.1552 19.61145 17.8193 19.1552 19.1552 17.8193 17.19515 17.19515 18.66975 21.7102 19.126 10.05575
10.44265 10.31855 9.83675 10.31855 9.83675 10.44265 10.31855 10.5193 10.34775 10.31855 10.44265 9.83675 10.31855 10.5266 10.5266 10.4901 9.83675 10.5193 10.5485 10.366 10.366 10.366 11.18725 11.18725 10.5485 9.9572 10.50105 10.50105 9.9572 10.37695 10.44265 10.4901 10.50835 10.5193 10.5193 22.23945 19.856 19.4983 19.9363 18.13685 19.9363 18.13685 18.13685 18.13685 18.13685 18.13685 18.13685 18.13685 20.3743 18.13685 18.13685 18.8267 18.8632 19.929 19.61145 19.81585 19.1552 19.61145 19.61145 18.66975 18.66975 18.66975 17.19515 19.126 19.3304 19.3304
9.83675 9.83675 10.44265 9.83675 10.4901 10.44265 9.83675 10.52295 10.37695 9.83675 10.44265 10.4901 9.83675 10.5266 10.50835 10.31855 10.5193 10.50835 9.9572 10.50105 10.37695 10.50105 11.1179 10.50105 10.50105 9.9572 10.37695 10.37695 9.9572 10.37695 10.44265 10.4901 10.50835 10.5193 10.5193 20.4546 19.04205 18.13685 19.48005 19.48005 18.13685 19.48005 19.9363 20.1407 20.25385 20.36335 20.34875 20.36335 19.9363 20.1407 19.6662 19.6954 19.27565 20.02755 20.0312 20.0312 20.0312 20.0312 20.0312 20.08595 20.08595 20.08595 20.08595 20.08595 20.08595 10.2127
10.31855 10.4901 9.83675 10.50835 10.4901 10.31855 9.83675 10.5266 10.39885 9.83675 10.4901 9.83675 10.50835 10.5266 10.44265 10.52295 10.44265 9.9572 10.37695 10.37695 9.9572 10.37695 10.37695 10.37695 10.37695 9.9572 9.9572 9.9572 9.9572 9.9572 10.37695 10.44265 10.4901 10.50835 9.83675 17.8193 17.69885 18.13685 18.13685 18.13685 19.48005 19.9363 20.1407 20.25385 20.34875 20.3305 20.25385 19.48005 20.1407 20.25385 17.38495 18.8267 19.61145 20.00565 20.02755 20.46555 20.46555 24.7105 17.19515 17.19515 17.19515 17.19515 17.19515 17.19515 17.19515 9.85865
